function V_abc = to_phase(V)
T_inv = [1.00000000000000 - 2.77555756156289e-16i 1.00000000000000 + 5.55111512312578e-17i 1.00000000000000 + 2.22044604925031e-16i;1.00000000000000 + 2.22044604925031e-16i -0.500000000000000 - 0.866025403784439i -0.500000000000001 + 0.866025403784439i;1.00000000000000 + 0.00000000000000i -0.500000000000000 + 0.866025403784439i -0.500000000000000 - 0.866025403784439i];
V_abc = T_inv * V;
end