function V_012 = to_symm(V)
    T = [0.333333333333333 + 0.00000000000000i 0.333333333333333 + 0.00000000000000i 0.333333333333333 + 0.00000000000000i;0.333333333333333 + 0.00000000000000i -0.166666666666667 + 0.288675134594813i -0.166666666666667 - 0.288675134594813i;0.333333333333333 + 0.00000000000000i -0.166666666666667 - 0.288675134594813i -0.166666666666667 + 0.288675134594813i];
    V_012 = T * V;
end